9714503400
7112615237
6867234489
6752824503
7727101616
7527306118
8890126138
6624967369
7474913264
8094322835
7684091056
7436024552
6056526800
8681135640
9455558183
8544012792
6078872309
7392671992
8613641098
8391973308
6286544776
6357700553
8185221495
9694262090
8951366232
6553964424
8065092762
8697648053
6108071178
6762776224
6441773057
7449505313
7195584499
9100665923
6102126405
8819041380
9211176578
6828959641
8732863763
8529520211
9128991101
6631663985
7264897578
6950807389
7060871651
7576827908
6248848413
7015668598
6744693913
7196415936
7806117265
6135893079
9901470333
9235100699
6937140111
9561622709
6151858782
9578130490
7047710243
6992004848
8063715709
6543827156
7325241293
8803060629
8824699853
7183614456
8787896291
7839135166
9558974542
7099986181
9506151463
7900789227
7345249378
6318260741
7042134606
7314169085
7072814602
9880908501
7313884200
9575830189
8966719771
9645897042
9966814986
8171021913
6414179022
8384848506
9411505514
6699884992
6823779084
7333453595
6255829064
9753983437
9588885793
6627362589
6085897005
6641076610
8458776895
9910504658
7118436594
9095042740
9931239120
